4992440034713
010181040313
010181040351
010181040504
014292638988
014292640882
014292644958
016185128965
016185129429
016185129559
022796600912
022796600936
022796900203
022796900302
022796900807
022796900814
022796910059
022796914316
022796916112
022796916129
0735850157955
0735850381008
0735850381008－0735850381015
0735850381015
0735850381015 －0735850381008
0740781840425
0784672193610
0784672193900
0797776030552
0851877003157
094219038228261
094219038228264
094219038228265
09421904479302
1000000123
100000016
10000029
100000295
100000296
1090180107
1090190105
1090190106
109170107
1100160107
111
1111
1120290106
1120300106
1130110106
1130120106
1130120107
11302101062280320105
1130220105
1130220106
1130220107
1130340105
1130340106
1130350106
1130440106
184-160982-3
2200120105
2200120107
2200120109
2200190105
2200190107
2200190109
2200200105
2200200107
2200200109
2200270105
2200270107
2200270109
2200290105
2200290107
2200290109
2200310105
2200310109
2200440105
2200440107
2200440109
2200450105
2200450107
2200450109
2208032106
2210120105
2210120107
2210120109
2210190105
2210190107
2210190109
2210270105
2210270107
2210270109
2210290105
2210290107
2210290109
2210310105
2210310107
2210310109
2210440105
2210440107
2210440109
2210450105
2210450107
2210450109
2220120105
2220120107
2220120109
2220160109
2220190105
2220190107
2250230107
2280120106
2280120107
2280140106
2280210106
2280220106
2280270106
2280320105
2280320107
2280340105
2280340106
2280350106
2280430105
2280430106
2300170105
2300170106
2300190106
2310170105
2310180105
2310180106
2350160105
2350160106
2350160107
2350170105
2350170106
2350170107
2350180105
2350180106
2350180107
2420130105
2420130106
2420180105
2460120105
2460120107
2460120109
2460190105
2460190109
2490520105
2490520106
2570130105
2570130107
2570130109
29313139301933
3010
3012
3016
3017
3274
3276
3277
3282
3283
3284
3290
3291
3292
3293
3401596738648
38170
4001
4004148047503
4004148057076
4004148059018
4057599000245
4103040122452
4103040147714
4103040148735
4103040166333
4103040167347
4210201156673
4210201156727
4210201174134
4210201746188
4210201746447
4210201829416
4210201829447
4210201856160
4545633025328
4560147175291
4560207841029
4571263750095
4580487790411
4582138093681
4582138097849
4589798699017
4589798699024
48970423700
4897042370019
4897042370026
4897042370040
4897042370071
4897042370088
4931449410678
4931449412801
4931449414102
4953923303931
4953923337684
4969527118239
4973167161944
4979006070064
4987176000767
4987176002341
4992440034713
5000174471748
5011025048002
5012616162800
5012616262180
5012616262630
5015672004923
5060173370046
5060173372545
5060236420527
5060236420534
5060236420770
5060236420770-1
5060236421098
60000001
60000002
60000005
6009803459026
608274101005
608274101500
608274102002
608274103009
608274105003
608274107007
608274109001
638845989244
638845989282
638845989299
670983038569
670983045550
670983045567
670983045598
670983046588
670983048766
670983051919
670983055825
670983059045
670983059052
670983059076
670983062540
670983066043
670983069761
670983069822
670983069839
670983071337
670983073485
670983077667
670983078183
670983080650
670983080803
670983080810
670983085358
670983087185
670983087956
670983088274
670983088694
670983089387
670983092479
670983092486
670983092554
670983094251
670983094268
670983094459
670983094565
670983094930
670983095036
670983095920
670983096095
670983097443
670983097566
670983097856
670983098297
670983098877
670983098952
670983100549
670983101287
670983101379
670983101522
670983101539
670983101560
670983101843
670983103441
670983104011
670983104073
670983104240
670983104295
670983104363
670983104622
670983104684
670983104714
670983104721
670983105827
670983106640
670983107043
670983107050
670983107180
670983107289
670983107296
670983107456
670983107500
670983107661
670983107715
670983107760
670983107913
670983107944
670983107951
670983107968
670983107975
670983108026
670983108057
670983108064
670983108095
670983108101
670983108347
670983108750
670983109177
670983109184
670983109283
670983109375
670983109498
670983109528
670983109559
670983109597
670983109641
670983109702
670983109849
670983109856
670983109962
670983110333
670983110340
670983110395
670983110449
670983110456
670983110500
670983110920
670983111040
670983111118
670983111125
670983111828
670983111989
670983112702
670983112948
670983113266
670983114058
670983114065
670983114102
670983114119
708177052982
708177052999
708177053361
708177054177
708177063698
708177064404
708177071792
708177071822
708177071822ZP
708177078265
708177078302
708177080329
708177087045
708177087120
708177087533
708177090762
708177090854
708177090946
708177097181
708177098065
708177098140
708177098218
708177102892
708177104469
708177105060
708177112662
708177112778
708177113416
708177113454
708177113492
708177113539
708177113577
708177113638
708177115472
708177115496
708177115502
708177115540
708177115588
708177115625
708177116523
708177117308
708177117476
708177117537
708177117742
708177117797
708177117841
708177117896
708177117995
708177118060
708177118213
708177118794
708177120407
708177120469
708177121688
708177122074
708177122128
708177122227
708177124160
708177126331
7090038821121
712038187119
717554030109
7290011521011
7290011521202
7290011521806
7290011521837
7290014344945
7290016664720
7290016664737
7290016966602
7290016966619
7290016966626
7350071076224
7350071076231
7350071076255
768990017100
768990017209
768990017414
768990017483
768990017582
768990027239
768990027321
768990537875
768990567803
792834857959
792834857966
792834857973
793579763345
793579763352
799439671652
799439888227
8000000000123456
80000010
8001012
800111
80011110
80011112
80011114
80011115
80011116
80011117
80011118
80011119
80011121
80011122
80011123
80011124ZP
80011125ZP
80011128ZP
80011129
80011129ZP
80011130
80011131
80011132
80011133
80011134
800112
800115
800312
800329
800335
800381
800385
800386
800388
800391
800710
80080008
852738006003
855378004538
855378004705
857052004377
857052004698
857052004711
8710428011862
8714367002950
8809412180346
8809412180414
8809412180421
8809412180452
8809412180469
8809412180490
8809412180513
8809412180582
8809412180629
8809412180810-Blue
8809412180810-Pink
898564001003
9185401001
918888888888888
9300657150075
9300657160364
9300657160371
9300657160388
9300657160401
9300657160418
9300673837417
9300682041348
9300682047500
9300705032308
9300807003572
9300807004685
9300807205211
9300807224311
9300807238837
9300807239346
9300807239346ZP
9300807249376
9300807249383
9300807249420
9300807249499
9300807261187
9300807278727
9300807287323
9300807287354
9300807288474
9300807288924
9300807294536
9300807294611
9300807302941
9300807306895
9300807307199
9300807307199－9300807224311
9300807308349
9300807308356
9300807308356ZP
9300807308745
9300807308752
9300807308776
9300807316368
9310059000175
9310160812629
9310160814098
9310160816849
9310160817723
9310160817723－9344949001140－9331927003326
9310160820105
9310160821546
9310160822703
9310160822956
9310214000057
9310214000064
9310214000118
9310214030009
9310214031051
9310320000989
9310320002099
9310320002105
9310320002105-9310320002099
9310488023141
9310555005117
9311096027330
9311262004318
9311262004332
9311262004608
9311262006008
9311262006015
9311701300612
9311701311175
9311701400114
9311701400183
9311701401166
9311701401715
9311701401722
9311701401739
9311770588034
9311770588225
9311770588232
9311770588249
9311770588843
9311770589314
9311770589970
9311770589994
9311770590082
9311770592475
9311770592505
9311770593120
9311770593304
9311770593618
9311770593625
9311770593632
9311770595117
9311770596183
9311770596541
9311770596572
9311770598194
9311770598279
9311770598361
9311770598460
9311770599375
9311770599559
9311770599566
9311770599795
9311770599894
9311770600651
9311770600675
9311770601054
9311770601245
9311770601252
9311770601764
9311770601795
9312059473027
9312146000174
9312146000433
9312146001300
9312146006763
9312146007111
9312146007135
9312146007586
9312146007777
9312146007791
9312146008323
9312146008361
9312146008446
9312146009320
9312146009788
9312146009955
9312146010005
9312146010104
9312146010616
9312146010647
9312146010777
9312628012794
9312628012985
9312628013432
9312628060023
9312628060047
9312628260867
9312657000144
9312657008010
9312657009017
9312657010013
9312657011010
9312657011041
9312657121016
9312657131015
9312657131022
9312657131039
9312657131046
9312657131053
9312657131084
9313139301940
9313139301957
9313139301964
9313818170096
9314807017408
9314807017514
9314807018450
9314807018726
9314807018764
9314807022525
9314807022839
9314807022853
9314807025267
9314807025526
9314807025823
9314807025847
9314807038298
9314807042516
9314807054007
9314807060930
9314839003394
9314839004735
9314839004742
9314839004759
9314839008795
9314839008870
9314839011948
9314839011979
9314839011986
9314839013843
9314839016943
9315195305061
9316090500605
9316090502104
9316090505105
9316090506003
9316199000037
9316254017062
9316254891419
9316254892065
9316254892485
9316254893482
9316254897312
9316254897831
9316254897893
9316254897909
9316254898470
9316542110062
9316542110062ZH
9316542110222
9316542111434
9316542111458
9316542111472
9316542111489
9316542111502
9316542112073
9316542116637
9316542119324
9316542120504
9316542120504ZP
9316542123741
9316542126094
9316542136710
9316542136925
9316542139254
9316542139254化妆包
9316542139292
9316542139292化妆包
9316542140090
9316542140113
9316542140144
9316542140267
9316542140267化妆包
9316542140274
9316542140564
9316542140908
9316542141547
9316542141790
9316542141837
9316542142414
9316542142544
9316542142872
9316542142889
9317039000446
9317039000460
9317039000736
9319064003058
9319064003065
9319064003089
9319064003119
9319064003126
9319064003133
9319064003140
9319064003171
9319064003294
9319064003805
9319064003812
9319064003829
9319064003836
9319064004000
9319064004017
9319064004031
9319064007209
9319064007216
9319629102691
9319629107757
9319629107764
9319629107771
9319629107795
9319629109164
9319629740510
9319629741326
9319629741340
9319629742439
9319629743191
9319733001903
9319871000783
9319915101803
9319915101841
9319915101872
93203555
9321547004315
9322219021678
93222808
9322316001108
9322316003607
93232180
9323245003065
9323245003690
9323245004505
9323245004505ZP
9323245004567
9325021029764
9325021029771
9325021029788
9325021033099
9325021035093
9325021035109
9325740024200
9326939005031
9326939005031-9403067127375
9327693000355
93294010001
9329401000107
9329401000114
9329401000121
9329401000152
9329401000176
9329401000183
9329401000190
9329401000428
9329401000435
9329401000800
9329401000817
9329771000790
9330344001670
9330344001687
9330344002028
9330344002240
9330344009096
93304917
9331134927798
9331134927804
9331134927811
9331456000087
9331456003002
9331456006355
9331456006409
9331456006416
9331456006577
9331456006577-9331456006409
9331636004003
9331636004010
9331636004027
9331636004034
9331636004058
9331636004102
9331636004119
9331636004133
9331636004140
9331636004157
9331927003241
9331927003326
9331927003333
9331927003357
9331927003616
9331927003678
9331927003784
9331927004101
9331927004125
9331927004835
9332045000280
9332045000327
9332045000860
9332045001874
9332059000016
9332059000023
9332059000054
9332059000061
9332059000344
9332059000740
93333535
9333800000019
9333800000040
9334518001756
9334518002197
9334518004740
9334518004764
9334518004771
9334518005563
9334518005587
9334518005679
9334922000901
9335726000319
9335886009924
9335886009924+9348107001676
9336016001115
9336016001122
9336016001252
9336016001269
9336016003768
93370134
9338598000043
9339741000651
9339741000903
9342905000121
9342905000138
9342905000381
9342905000565
9342905001029
9342905001173
9342905007182
9342905007199
9342905007298
9342905007816
9342905007854
9342905007861
9344004002105
9344949000167
9344949001065
9344949001140
9344949001157
9344949001164
9344949001195
9344949001249
9344949001256
9344949001263
9344949001287
9344949001294
9347697000359
9347697009888
9347802000014
9347802000021
9347902001591
9347902001645
9348107000488
9348107001072
9348107001089
9348107001256
9348107001386
9348107001393
9348107001409
9348107001416
9348107001485
9348107001492
9348107001508
9348107001508ZP
9348107001515
9348107001522
9348107001539
9348107001560
9348107001591
9348107001591*2+9348107001591ZP*1
9348107001591ZP
9348107001652
9348107001669
9348107001676
9348107001874-粉
9348107001874-蓝
9348107001966
9348107002000
9348107002000ZP
9348107002079
9348107002093
9348107002109
9348107002154
9348107002161
9348107002178ZP
9348107002185
9348107002208
9348107002215
9348107002338
9348107002369
9348107002376
9348107002468
9348107002468ZP
9348107002567
9348107002604
9348107002611
9348107002635
9348107002772
9348107002796
9348107002864
9348610000296
9348610000456
9348895000141
9348895000271
9348895000271ZP
9348895000370
9349254002011
9349254002028
9349254002035
9349254002042
9349254002059
9349254002066
9349254002073
9349254002271
9349254004053
9349254005005
9349338000018
9349338000025
9349338000575
9349338000582
9349338000667
9349338000728
9350202000492
9350202000492ZP
9350593000033
9350593000040
9350634002507
9350634002606
9350634002811
9350634002835
9350634002842
9350634002842-9350634002859
9350634002859
9350634002859-9350634002606
9350634002859-9350634008189
9350634002859－9311770598460
9350634002880
9350634003818
9350634003818-80011129ZP
9350634004822
9350634004839
9350634007212
9350634007229
9350634008189
9350634008196
9350634008196－9350634002859
9350634008202
9350634008233
9350873000456
9350873000463
9350873000609
9350873000616
9350913090119
93514119000053-01
93514119000053-02
93514119000053-03-T
93514119000053-04
93514119000053-05
93514119000053-06-T
93514119000053-07
93514119000053-08
93514119000053-09
93514119000053-12
93514119000053-14
93514119000053-16
93514119000053-18
9351419000008
9351419000015
9351419000084
9351419000091
9351419000107
9351419000114
9351419000121
9351419000138
9351419000169
9351419000176
9351419000183
9351419000183－9351419000008
9351446000088
9351446000088-9351446014399
9351446000095
9351446000095-9351446014399
9351446000118
9351446000118-9351446000118ZP
9351446000118ZP
9351446000118－9351446014399
9351446000125
9351446000606
9351446000613
9351446014399
9351734000004
9351734000011
9351734000059
9351734000066
9351734000073
9351829000001
9351829000018
9351829000025
9351829000032
9351829000049
9351829000063
9351829000070
9351829009905
9351909000006
9351909000013
9351909000020
9351909000037
9352206000157
9352206000171
9352206000249
9352206000249*3+9348895000271ZP
9352983000333
9352983000333ZP
9352983000500
9352983000777
9352983000777ZP
9352983000999
93537339
9353965004509
9353965004516
9353965004523
9353965004530
9353965005018
9353965005025
9353965005032
9353965005049
9353965005070
9353965005087
9353965005094
9353965005100
9353965005117
9353965005124
9353965005254
93541824
93541824ZP
93543934
93546348
93551212
93551229
93551724
93554695
93555371
9369998006427
9369998006861
9369998011605
9369998017959
9369998023530
9369998113743
9369998116546
9369998212453
9369998214716
9369998310906
9369998311972
9369998405893
9369999062774
9369999062781
9369999062798
9369999063399
9369999063405
9369999068776
9369999608347
93807357
93807432
93807913
93807937
93807937－93807913
93808064
93808804
93894616
93894944
94000450
94000467
94000474
94000481
94000498
9400097035502
9400097035526
9400097037933
9400097037995
9400097041602
9400097041619
9400097041886
9400097041923
9400097041930
9400097041978
9400097042098
9400097042340
9400097042357
9400097042364
9400097042371
9400097042371*2+9400097042388*1
9400097042388
9400097042388ZP
9400097042395
9400097042395ZP
9400501001116
9400501001123
9400501001536
9400501001598
9400501001680
9400501002205
9400501002281
9400501002328
9400501002359
9400501002427
9400501002830
9400501002847
9400501002878
9400501002892
9400501002908
9400501002915
9400501002922
9400501002939
9400501003400
9400501003417
9400501003448
9400501003493
9400501003509
9400501003509ZP
9400501003639
9400501003646
9400501003738
9400501003882
9400501003882－9421003260740
9400501005558
9400501005558－9421003260740
9400501006029
9400501006036
9400501006043
9400501006586
9400501100079
9400501100079-9421003260740
9400501100321
9400501100321ZP
9400501101410
9400501102004
9400501600623
9400501601163
9400514010587
9400514010662
9400514010938
9400514011300
9400514011423
94005288
94005295
94005301
94005318
9400533006257
9400533006271
94005509
94005516
94005523
9400554003792
9400569001189
9400569001660
9400569001714
9400569010617
9400569010976
9400569010990
9400569011300
9400569011379
9400569011539
9400569013090
9400569013182
9400569013359
9400569013366
9400569013465
9400569013625
9400569014547
9400569014554
9400569015018
9400569017500
9400569017678
9400569017845
9400569017852
9400569017869
9400569018118
9400569018798
9400569018842
9400569019146
9400569019153
9400569019429
9400569020487
9400569020494
9400569020661
9400569021262
9400569021378
9400569021392
9400569021446
9400569021453
9400569022993
9400569023075
9400569023341
9400575001289
9400575001302
9400575001371
9400575001425
9400575001616
9400575001739
9400575001883
9400575001999
9400575002095
9400575002248
9400575002514
9400575002767
9400575003405ZP
9400575003474
9400575003504
9400575003849
9400575003856
9400575004297
9400575004310
9400575004334
94005776
94005783
94005790
9400581012781
9400581012798
9400581012811
9400581021776
9400581025576
9400581029826
9400581031904
9400581032383
9400581032383-9400581043945ZP
9400581032390
9400581032789
9400581032802
9400581032819
9400581032987
9400581033809
9400581035353
9400581037111
9400581037852
9400581038033
9400581038088
9400581038187
9400581038224
9400581038330
9400581038330-9400581041613
9400581039146
9400581039320
9400581039504
9400581039580
9400581039580ZP
9400581039580ZP+9400581047042
9400581039641
9400581039658
9400581039757
9400581039870
9400581039900
9400581041606
9400581041613
9400581041644
9400581042207
9400581042221
9400581042429
9400581042658
9400581043075
9400581043105
9400581043242
9400581043716
9400581043921
9400581043938
9400581043945
9400581043945ZP
9400581043952
9400581044263
9400581045468
9400581045512
9400581045833
9400581045888
9400581046878
9400581046892
9400581046908
9400581047042
9400581047189
9400581047424
94005813
94006070
94008227
94008456
940085
9403067106004
9403067106011
9403067122011
9403067126705ZP
9403067127375
9403067130023
9403067150007
9403067150021
9403067184156
9403092314269
9403092901988
9403092902473
9403092902985
9403092903234
9403092903234DF
9403092903289
9403092903579
9403092903821
9403092904019
9403118002699
9403142000807
9403142000814
9403142000845
9403142000852
9403142001231
9403142001309
9403142001330
9403142001385
9403142002405
9403142002436
9403145302755
9403145302779
9403145303172
9403145303202
9412001611060
9412001611062
9412001611063
9412001611066
9412001611070
9412001611072
9412001611086
9412001611087
9413000005400
94130000054111
9413000008524
9413000010046
9413000010053
9413000016383
9413000023626
9413000023626－9413000041309
9413000023657
9413000024111
9413000024739
9413000026238
9413000026344
9413000026740
9413000028379-K
9413000028386-K
9413000030686
9413000032796
9413000032796ZP
9413000035827-ROSE
9413000035899
9413000037197ZP
9413000038385
9413000041309
9413000042955
9413000042962
9413000043402
9413000077365
9413000529038
9414015002910
94146790
94146820
9414706000119
9414706000126
9414706000379
9414706000386
9414706000416
9414706000423
9414706000430
9414706000447
9414706000621
9414706004704
9414706004728
9414706004728-9414706004766
9414706004766
9414706004766-9414706004728
9414706004766-单片
9414706004803
9414706004841
9414706004926
9414706005022
9414706005121
9414706005138
9414706005145
9414706005152
9414706005176
9414706005183
9414706005503
9414706006142
9414706006159
9414706006166
9414706006173
9414706070013
9414706070037
9414706070105
9414706070488
9414706070501
9414706070525
9414706070587
9414706120206
9414706120206ZP
9414942010750
9415007038887
9415007302988
9415262002104
9415293126671
9415293126688
9415293127722
9415293141056
9415293157996
9415293158887
9415293215917
9415293215931
9415293215962
9415293216037
9415293216051
9415293229600
9415293229624
9415293229631
9415293233904
9415293234239
9415293234260
9415293234277
9415293234284
9415293234307
9415293234338
9415293234345
9415293234383
9415293234390
9415293234406
9415293234420
9415293234437
9415293234444
9415293234475
9415293235342
9415293236097
9415293236110
9415293236127
9415293236158
9415293236905
9415293237629
9415293244504
9415293244511
9415293244528
9415293244535
9415293244542
9415293244559
9415293244573
9415293251236
9415860107331
9415860107478
9415860107485
9415860123881
9415991230175
9415991230182
9415991230212
9415991230212*1-9415991240273*1
9415991233275
9415991240136
9415991240143
9415991240174
9415991240204
9415991240211
9415991240273
9415991240273ZP
9415991240617
94159912406177*2-9415991240136*2-9415991240273*2
9415998201017
9415998233629
9416328001673
9416630002436
9417657587418
9417657588255
9417657588279
9417657588682
9417657595611ZP
9417657609318
9417780000433
9417780000884
9417780009580
9417780009702
9417780009733
9417780009818
9417864150337
9417864150344
9417864450109
9417864450123
9417864450130
9417864450147
9417864450154
9417864450178
9417864450192
9417864450208
9417864450215
9417864450222
9417864450239
9417864450505
9417864450512
9417864525142
9417864525241
9417864525340
9417864525432
9417864525647
9417864725054
9417986942971
9417986944067
9417986944074
9418035001014
94183986
94184006
9418783000543
9419499100701
9419499100718
9419499100831
9419499107113
9419499107519
9419499107557
9419499107571
9419499108516
9419521881226
9419521883312
9419521883367
9419521883398
9419521885583
9419521886528
9419521886566
9419521888546
9419521888898
9419521889888
9419740127709
9419740127952
9419740127969
9419740128133
9419740910806
9419740911018
9419844116
9419844116579
9419844116586
9419844116593
9419844116609
9419844116685
9419844116975
942001400001
9420014771542
9420014771559
9420014771566
9420014771573
9420014771627
9420014771634
9420014771641
9420014771658
9420014771665
9420014771696
9420014775205
9420015001198
9420015001204
9420015001211
9420015001228
9420015002003
9420015002058
9420015002065
9420015002072
9420015002089
9420015002409
9420015003130
9420015010206
9420015010312
9420015013016
9420015013016-9420015013139
9420015013030
9420015013047
9420015013139
9420015014112
9420015015195
9420015015478
9420015017052
9420015017304
9420015017311
9420020101784
9420020105447
9420020106901
9420020107595
9420020111189
9420020111226
9420020111233
9420020111240
9420020111257
9420020111332
9420020117075
9420026506651
9420026553099
9420026553099ZH
9420026563821
9420026563821DF
9420026572052
9420026572151
9420026574148
9420026574254
9420026574285
9420026574285DF
9420026574650
9420026574964
94200294
9420037000414
9420037000438
9420037000759
9420037001183
9420037001206
9420037001213
9420037001220
9420037001602
9420037001930
9420037003286
9420037003958
9420037004771
9420037004788
9420037004801
9420037004818
9420037004824
9420037004986
9420037004993
9420037005013
9420037005020
9420037005037
9420037005280
9420037005723
9420037006010
9420037007567
9420037008229
9420037023239
9420037029132
9420037030725
9420037035553
9420037038202
9420037038282
9420037041097
9420037041127
9420037041622
9420037042834
9420037042872
9420037042988
9420037048959
9420037057814
9420037062207
9420037067417
9420037067424
9420037067806
94200843
94200850
94200867
94200874
9420201379810
9420201379834
9420201379858
94210001
9421001380020
9421001380020ZP
9421001381003
9421001381010
9421001381027
9421001381034
9421001382000
9421001382024
9421001382031
9421001382376
9421001384387
9421001384615
9421001384639
9421001386718
9421001386992
9421001388729
9421001388880
9421001388897
9421001388903
9421001388910
9421001388927
9421001820014
9421001820021
9421001820038
9421003260740
9421003261396
9421003261396ZH
9421003262041
9421004012669
9421004015028
9421004015028-80080008
9421004015035
9421004015035-80080008
9421005282771
9421005282788
9421007163283
9421007163306
9421007163344
9421013060187
9421013060194
9421013060354
9421013060453
9421013060484
9421013060484ZP
9421013060491
9421013060811
9421013061207
9421013061283
9421013061320
9421013061337
9421013061344
9421013061610
9421013185132
9421013185149
9421013185873
9421013185880
9421013185897
9421013185903
9421013185910
9421013185927
9421017143381
9421017149819
9421017149826
9421017760014
9421017760052
9421017760076
9421017760090
9421017760106
9421017760175
9421017760762
9421017761011
9421017761721
9421017762056
9421017762131
9421017762261
9421017763909
9421017765729
9421017766245
9421017766252
9421017766269
9421018150050
9421018150104
9421021170359
9421021170649
9421021391037
9421021391037-9421021391037ZP
9421021391037ZP
9421021391068
9421023620005
9421023620012
9421023620029
9421023620036
9421023620036ZP
9421023620043
9421023620050
9421023620074
9421023620098
9421023620104
9421023620319
9421023620470
9421023620487
9421023620500
9421023620579
9421023620685
9421023620692
9421023620708
9421023620715
9421023623938
9421023623938ZP
9421023625000
9421023629336
9421023629336+9421023620500
9421023629350
9421023629855
9421023629855-9421023625000
9421023629879
9421023629879-9421023625000
9421025560361
9421025560880
9421025561405
9421025561429
9421025562259
9421025562617
9421025562877
9421025563133
9421025563379
9421025563461
9421025564666
9421025564697
9421025564703
9421025565052
9421025565083
9421025565120
9421026534194
9421027310377
9421027310391
9421027311060
9421027311077
9421027311084
9421027311510
9421027311596
9421027311602
9421027311619
9421027311626
9421027311633
9421027311640
9421027311756
9421027311787
9421027311794
9421027311800
9421027311800ZP
9421027311817
9421027311862
9421027311879
9421027311886
9421027311893
9421027311909
9421027311916
9421027311923
9421027311930
9421027311947
9421027311954
9421027311961
9421027311978
9421027312043
9421027312050
9421027312054
9421027312067
9421027312074
9421027312074-12111
9421027312081
9421027312098
9421027312104
9421027312111
9421027312128
9421027312135
9421027312142
9421027312159
9421027312166
9421027312173
9421027312180
9421027312197
9421027312203
9421027312210
9421027312227
9421027312234
9421027312241
9421027312258
9421027312265
9421027312272
9421027312302
9421027312319
9421027312456
9421028121927
9421028121927-9421901300227
9421028122085
9421028122511
9421028122542
9421028122559
9421028148917
9421028148979
9421028149723
9421028149730
9421028149754
9421028149761
9421028149877
9421028960052
9421028960083
9421028960113
9421028960144
9421028960212
9421028960236
9421028960243
9421028960250
9421028960274
9421029080261
9421029080278
9421029080629
9421029080711
9421029380187
9421031281120
9421031281137
9421031281144
9421031281281
9421031281465
9421031281540
9421031281571
9421031281595
9421031282035
9421031282042
9421031282066
9421031282080
9421031282295
9421031282349
9421031340001
9421031340292
9421031471408
9421031471613
9421031471712
9421031471729
9421031471736
9421031471743
9421031473211
9421031473914
9421031780029
9421031780036
9421031780043
9421031780050
9421031780067
9421031780159
9421031780166
9421031780982
9421031780982-New
9421031781088
9421031781132
9421031781132-New
9421031781187
9421031781248
9421031781286
9421031781309
9421032491849
9421032730221
9421032730375
9421032730375-9421032730221
9421900190492
9421900190904
9421900320011
9421900320097
9421900320134
9421900325672
9421900325696
9421900325696ZP
9421900325719
9421900325740
9421900325757
9421900329304
9421900569007
9421900569014
9421900569021
9421900569045
9421900569076
9421900569083
9421900569786
9421900569793
9421900569809
9421900569847
9421900569854
9421900569861
9421900569892
9421900569908
9421900569953
9421900569960
9421900665020
9421900665143
9421900665174
9421900665235
9421900665891
9421900665891-HJ9421900665891
9421900665983
9421901061036
9421901061067
9421901061128
9421901061135
9421901061180
9421901061241
9421901061302
9421901061630
9421901061647
9421901061715
9421901300227
9421901881009
9421901881061
9421901881160
9421901881177
942190188222
9421902211164
9421902211256
9421902211287
9421902211294
9421902262500
9421902314025
9421902314032
9421902314186
9421902358142
9421902358159
9421902462085
9421902515026
9421902515040
9421902515101
9421902515101ZP
9421902515118
9421902515378
9421902515569
9421902515576
9421902515644
9421902515682
9421902515736
9421902515743
9421902515798
9421902515866
9421902515897
9421902515900
9421902515910
9421902515958
9421902515965
9421902515972
9421902521881
9421902521898
9421902521911
9421902521935
9421902521942
9421902521959
9421902620010
9421902620027
9421902620034
9421902620041
9421902620072
9421902620249
9421902620263
9421902620652
9421902620744ZP
9421902628016
9421902727269
9421902727276
9421902727511
9421902736179
9421902736186
9421902736209
9421902736216
9421902736230
9421902736254
9421902736261
9421902736308
9421902736315
9421902736339
9421902736360
9421902736391
9421902736421
9421902736445
9421902736452
9421902736469
9421902736476
9421902736506
9421902736537
9421902736544
9421902736551
9421902736568
9421902736575
9421902736582
9421902736612
9421902736636
9421902736650
9421902736674
9421902736681
9421902736698
9421902736704
9421902736711
9421902736766
9421902736780
9421902736810
9421902736841
9421902736858
9421902736872
9421902736902
9421902736957
9421902736964
9421902736988
9421902819063
9421902819322
9421902960079
9421902960079+9403067150007
9421902960239
9421902960246
9421902960437
9421902972003
9421902972010
9421902972027
9421902972034
9421902972041
9421902972058
9421902972065
9421902972072
9421902972089
9421902972096
9421902972102
9421902972119
9421902972188
9421902972324
9421902972331
9421902972492
9421903000000
9421903070517
9421903137067
9421903137104
9421903137111
9421903203052
9421903203090
9421903203137
9421903203144
9421903203151
9421903203229
9421903203243
9421903364302ZP
9421903364401
9421903364418
9421903418180
9421903418203
9421903418395
9421903447081
9421903455031
9421903455086
9421903455093
9421903455123
9421903455291
9421903455307
9421903455314
9421903455321
9421903455376
9421903455611
9421903455703
9421903455710
9421903455727
9421903455758
9421903455789
9421903455802
9421903455826
9421903488145
9421903488237
9421903535221
9421903535238
9421903535245
9421903535252
9421903535443
9421903535450
9421903871008
9421903871015
9421903871015-9421903871305
9421903871015ZP
9421903871022
9421903871039
9421903871046
9421903871091
9421903871091－9421903871046
9421903871107
9421903871121
9421903871152
9421903871152-9421903871176ZP
9421903871176ZP
9421903871244
9421903871305
9421903914019
9421903914057
9421903914064
9421903914064－9420026574148
9421903925169
9421903925428
9421903925435
9421903925572
9421903925589
9421903925596
9421903925596ZP
9421903925602
9421903925619
9421903925626
9421903925961
9421903925978
9421903925985
9421903982001
9421903982032
9421903982049
9421903982100
9421903982131
9421903982148
9421903982155
9421903982162
9421903982179
9421903982193
9421903982209
9421903982353
9421903982353-粉色限量
9421903982384
9421903982889
9421904100091
9421904100107
9421904100664
9421904100671
9421904100688
9421904100695
9421904100718
9421904100725
9421904100732
9421904137004
9421904137011
9421904137028
9421904137035
9421904137042
9421904137066
9421904137073
9421904137127
9421904137172
9421904137189
9421904137196
9421904155008
9421904155039
9421904155060
9421904155060+9421904155602ZP
9421904155077
9421904155077*2-9421904155640ZP*1
9421904155084
9421904155091
94219041552
9421904155213
9421904155251
9421904155305
9421904155305ZP
9421904155312
9421904155374
942190415537402
9421904155428
9421904155435
9421904155497
9421904155497ZP
9421904155527
9421904155527*2-9421904155497ZP*1
9421904155534
9421904155541
9421904155602
9421904155602ZP
9421904155626
9421904155626-9421904155305ZP
9421904155640ZP
9421904173002
9421904173033
9421904173064
9421904173071
9421904173088
9421904173095
9421904173101
9421904173675
9421904173989
9421904228313
9421904228320
9421904310002
9421904320208
9421904320222
9421904320246
9421904320246-22-08
9421904320260
9421904320529
9421904320574
9421904463011
9421904479180
9421904479258
9421904479555
9421904511064
9421904511071
9421904511156
9421904511163
9421904521469
9421904521469-9421903364302ZP
9421904521926
9421904529007
9421904529014
9421904529045
942190452906901
942190452906902
942190452906903
9421904537002
9421904537033
9421904537040
9421904537057
9421904537071
9421904537088
9421904537095
9421904537132
9421904537149
9421904537163
9421904552005
9421904552050
9421904552074
9421904552098
9421904552104
9421904552128
9421904552135
9421904552135－9421904552203
9421904552142
9421904552159
9421904552166
9421904552180
9421904552197
9421904552203
9421904552203-9421904310002
9421904552210
9421904552210-9421904552203-9421904310002
9421904558014
9421904558014ZP
9421904558038
9421904558045
9421904558045ZP
9421904558076
9421904558083
9421904558090
9421904600003
9421904600010
9421904600010-9421904600102
9421904600027
9421904600034
9421904600034-9421904600102
9421904600041
9421904600058
9421904600058－9421904600102
9421904600065
9421904600072
9421904600072-9421904600102
9421904600102
9421904600591
9421904600607
9421904600614
9421904600621
9421904614000
9421904614000-9421904614208
9421904614086
9421904614086-9421904614215
9421904614109
9421904614208
9421904614215
9421904632004
9421904632011
9421904632028
9421904632059
9421904632066
9421904632073
9421904632080
9421904632165
9421904632172
9421904632189
9421904692
9421904692053
9421904692060
94219046921
9421904692121
9421904692138
9421904692176
9421904692176-9421904692121-9421904692237
9421904692176-9421904692237-9421904692060
9421904692237
9421904692268
9421904692404
9421904692411
9421904692428
9421904692435
9421904692442
9421904692459
9421904692466
9421904692480
942190469ZP
9421904886018
9421904914001
9421904914001-18-25
9421904914018
9421904914025
9421905040006
9421905040044
9421905040051
9421905086257
9421905119238
9421905149006
9421905149013
9421905149044
9421905149051
9421905149136
9421905149143
9421905162050
9421905162067
9421905162081
9421905162135
9421905162388
9421905306003
9421905306003ZP
9421905306010
9421905306010ZP
9421905306027-浅粉色款
9421905306034
9421905306041
9421905306065
9421905306072
9421905306089
9421905306096
9421905598002
9421905598019-薰衣草紫款
9421905598026
9421905598033
9421905598064
9421905598071
9421905598088
9421905598095
9421905598101
9421905598118
9421905598125
9421905598132
9421905598149
94309270
94533002
94575507
94970302
94970531
94970784
94971934
9553527000000
9553527009885
9553527010515
9553527010645
9553527010683
9553527010713
9553527010737
9553527010850
9553527010980
BD0857459
BYF00002
FTFSC11XL-WN
FTFSCA12
FTSC11L
FWB41404
FWB41412
FWM41401
FWM41402
FWM41403
FWM41404
FWM41405
FWM41408
FWM41413
FWM41414
FWM41416
FWM41417
FWM41418
FWM41419
HC085324586
HJ9421900665891
MEO LITE MaskZP
MHD00001
MJZ00001
MOZ00001
MPP11303
MPP2220
MPP222019
MS9421905162050
paytest3
SBQ053685063
T0002ZP
TB9421027312180
TC9421904600324
test122222
TG9310160822703
TG9310214000064
TG9314839008870*3
TG9326939005031
TG9400501001116
TG9400501003738
TG9400569010617
TG9403092903234
TG9417780000433
TG9420026563821
TG9421904155213+9421904155251
TG9421904173002
WJD021589513
Z H9414706070587
Z0735850381008
Z0735850381015
ZH
ZH-768990017100
ZH010181040351
ZH010181040504
ZH421027311930
ZH54355169
zh56965757
ZH717554030109
ZH7175540301090
ZH793579763345
ZH793579763352
ZH799439671652-9403092904019
ZH80011135*2
ZH93006571603640
ZH9300657160388
ZH9300657160401
ZH9300657160418
ZH9300807239346
ZH9300807307199
ZH9310160814098-9310160817723
ZH9310160817723
ZH9310214000057
ZH9310320002099
ZH93103200021050
ZH9311701300612
ZH9311701401166
ZH9311701401722
ZH9311701401739
ZH9311770592505-AU-9300807294611
ZH9312146000174
ZH9314807018726
ZH9316090502104
ZH9319915101803
ZH9319915101841
ZH9319915101872
ZH93232180
ZH9331927004125
ZH9334518005563－9334518004764
ZH9336016001115 *2
ZH9336016001122*2
ZH9336016001252*2
ZH9336016001269*2
ZH9336016003768*2
ZH9348107000488*3
ZH9348107001072*3
ZH9348107001386*3
ZH9348107001393*3
ZH9348107001409*3
ZH9348107001966
ZH9348107002000
ZH9348107002338-9348107001966
ZH9348107002468ZP*2
ZH9352206000171
ZH93543934
ZH9369999062798
ZH93894616
ZH9400501003738
ZH94005140105870
ZH9400514010662
ZH9400514010938
ZH94005140114230
ZH9400569015018
ZH9400569023341
ZH9403067106011-9403067106004
ZH9403067126705ZP
ZH9403092904019
ZH9413000024111_9421904155008
ZH9413000032796
ZH9414706000416
ZH9414706000423
ZH9414706000430
ZH9414706000447
ZH9414706004728
ZH9414706004766
ZH9414706004803
ZH9414706004919
ZH9414706004926
ZH9414706005022
ZH9414706005121
ZH9414706005145
ZH9414706005152
ZH9414706005176
ZH9414706005183
ZH9414706005503
ZH9414706006135
ZH9414706006159
ZH9414706006166
ZH9414706006173
ZH9414706070013
ZH9414706070105
ZH9414706070488
ZH9415293244504
ZH9415293244511
ZH9415293244528
ZH9415293244542
ZH9415991230175
ZH9417864150337*3
ZH9421001380020＊3
ZH9421004012669*2+9400097042098
ZH9421023623938ZP
ZH9421027311596-9421027311626
ZH9421027311602- 9421027311633
ZH9421027311619-9421027311640
ZH9421027311916
ZH9421028149723
ZH9421029080261
ZH9421029080278
ZH9421029080629
ZH9421029080711
ZH9421031281540
ZH9421900190904
ZH9421900325672
ZH9421900325719
ZH9421900325740
ZH9421900325757
ZH9421900569014
ZH9421900569076
ZH9421900569809
ZH9421902521898
ZH9421902521911
ZH9421902521935
ZH9421902521942
ZH9421902736230
ZH9421902736421
ZH9421902736445
ZH9421902736452
ZH9421902736568
ZH9421902736575
ZH9421902736650
ZH9421902736674
ZH9421902736711
ZH9421902736902
ZH9421902972492-9421902972324-9421902972331
ZH9421903925428
ZH9421903925435
ZH9421903982001
ZH94219039820010
ZH9421903982148
ZH94219039821480
ZH9421904155428
ZH9421904537033
ZH9421904537040
ZH9421904537057
ZH9421904537071
ZH9421904537095
ZH9421904537149
ZH9421904886018
ZH9421905040044*2+9421905040006
ZH9421905086257
ZH9421905162050
ZH9421905162067
ZH9421905306027＊2
ZH9421905598002*2
ZH9421905598019＊2
ZH9421905598026＊2
ZH9421905598064
ZP9348107000488
